[62533.103725] [Project1] 7910 1588236348.618525313 1588236349.391601265
[62534.646751] [Project1] 7911 1588236350.165564507 1588236350.934752480
[62536.192678] [Project1] 7912 1588236351.708305942 1588236352.480801598
[62537.735197] [Project1] 7913 1588236353.255479833 1588236354.023443763
[62539.274864] [Project1] 7914 1588236354.795095947 1588236355.563233431
[62540.817985] [Project1] 7915 1588236356.337698716 1588236357.106476142
[62542.356880] [Project1] 7916 1588236357.876301203 1588236358.645492511
[62543.899779] [Project1] 7917 1588236359.415412553 1588236360.188512575
[62545.453034] [Project1] 7918 1588236360.965848326 1588236361.741891273
[62547.010686] [Project1] 7919 1588236362.519588468 1588236363.299664780
